I0526 21:07:18.189948      25 test_context.go:410] Using a temporary kubeconfig file from in-cluster config : /tmp/kubeconfig-481803746
I0526 21:07:18.190114      25 test_context.go:423] Tolerating taints "node-role.kubernetes.io/master" when considering if nodes are ready
I0526 21:07:18.190285      25 e2e.go:124] Starting e2e run "f53f46a3-fe08-42ea-9991-ffbf23133810" on Ginkgo node 1
{"msg":"Test Suite starting","total":277,"completed":0,"skipped":0,"failed":0}
Running Suite: Kubernetes e2e suite
===================================
Random Seed: 1590527236 - Will randomize all specs
Will run 277 of 4992 specs

May 26 21:07:18.215: INFO: >>> kubeConfig: /tmp/kubeconfig-481803746
E0526 21:07:18.215495      25 progress.go:119] Failed to post progress update to http://localhost:8099/progress: Post http://localhost:8099/progress: dial tcp [::1]:8099: connect: connection refused
May 26 21:07:18.217: INFO: Waiting up to 30m0s for all (but 0) nodes to be schedulable
May 26 21:07:18.282: INFO: Waiting up to 10m0s for all pods (need at least 0) in namespace 'kube-system' to be running and ready
May 26 21:07:18.368: INFO: 22 / 22 pods in namespace 'kube-system' are running and ready (0 seconds elapsed)
May 26 21:07:18.368: INFO: expected 13 pod replicas in namespace 'kube-system', 13 are Running and Ready.
May 26 21:07:18.368: INFO: Waiting up to 5m0s for all daemonsets in namespace 'kube-system' to start
May 26 21:07:18.389: INFO: 3 / 3 pods ready in namespace 'kube-system' in daemonset 'calico-node' (0 seconds elapsed)
May 26 21:07:18.389: INFO: 3 / 3 pods ready in namespace 'kube-system' in daemonset 'ibm-keepalived-watcher' (0 seconds elapsed)
May 26 21:07:18.389: INFO: 0 / 0 pods ready in namespace 'kube-system' in daemonset 'ibm-master-proxy' (0 seconds elapsed)
May 26 21:07:18.389: INFO: 0 / 0 pods ready in namespace 'kube-system' in daemonset 'node-local-dns' (0 seconds elapsed)
May 26 21:07:18.389: INFO: 0 / 0 pods ready in namespace 'kube-system' in daemonset 'nvidia-driver-installer' (0 seconds elapsed)
May 26 21:07:18.389: INFO: 0 / 0 pods ready in namespace 'kube-system' in daemonset 'nvidia-gpu-device-plugin' (0 seconds elapsed)
May 26 21:07:18.389: INFO: e2e test version: v1.18.3
May 26 21:07:18.392: INFO: kube-apiserver version: v1.18.3+IKS
May 26 21:07:18.392: INFO: >>> kubeConfig: /tmp/kubeconfig-481803746
May 26 21:07:18.405: INFO: Cluster IP family: ipv4
SSSSSSSSSSSSSSSSS
------------------------------
[k8s.io] Container Lifecycle Hook when create a pod with lifecycle hook 
  should execute prestop exec hook properly [NodeConformance] [Conformance]
  /workspace/anago-v1.18.3-beta.0.58+d6e40f410ca91c/src/k8s.io/kubernetes/_output/dockerized/go/src/k8s.io/kubernetes/test/e2e/framework/framework.go:703
[BeforeEach] [k8s.io] Container Lifecycle Hook
  /workspace/anago-v1.18.3-beta.0.58+d6e40f410ca91c/src/k8s.io/kubernetes/_output/dockerized/go/src/k8s.io/kubernetes/test/e2e/framework/framework.go:178
STEP: Creating a kubernetes client
May 26 21:07:18.405: INFO: >>> kubeConfig: /tmp/kubeconfig-481803746
STEP: Building a namespace api object, basename container-lifecycle-hook
May 26 21:07:18.819: INFO: Found PodSecurityPolicies; assuming PodSecurityPolicy is enabled.
May 26 21:07:18.864: INFO: Found ClusterRoles; assuming RBAC is enabled.
STEP: Binding the e2e-test-privileged-psp PodSecurityPolicy to the default service account in container-lifecycle-hook-2034
STEP: Waiting for a default service account to be provisioned in namespace
[BeforeEach] when create a pod with lifecycle hook
  /workspace/anago-v1.18.3-beta.0.58+d6e40f410ca91c/src/k8s.io/kubernetes/_output/dockerized/go/src/k8s.io/kubernetes/test/e2e/common/lifecycle_hook.go:64
STEP: create the container to handle the HTTPGet hook request.
[It] should execute prestop exec hook properly [NodeConformance] [Conformance]
  /workspace/anago-v1.18.3-beta.0.58+d6e40f410ca91c/src/k8s.io/kubernetes/_output/dockerized/go/src/k8s.io/kubernetes/test/e2e/framework/framework.go:703
STEP: create the pod with lifecycle hook
STEP: delete the pod with lifecycle hook
May 26 21:07:31.150: INFO: Waiting for pod pod-with-prestop-exec-hook to disappear
May 26 21:07:31.162: INFO: Pod pod-with-prestop-exec-hook still exists
May 26 21:07:33.162: INFO: Waiting for pod pod-with-prestop-exec-hook to disappear
May 26 21:07:33.174: INFO: Pod pod-with-prestop-exec-hook still exists
May 26 21:07:35.162: INFO: Waiting for pod pod-with-prestop-exec-hook to disappear
May 26 21:07:35.175: INFO: Pod pod-with-prestop-exec-hook still exists
May 26 21:07:37.162: INFO: Waiting for pod pod-with-prestop-exec-hook to disappear
May 26 21:07:37.174: INFO: Pod pod-with-prestop-exec-hook still exists
May 26 21:07:39.162: INFO: Waiting for pod pod-with-prestop-exec-hook to disappear
May 26 21:07:39.174: INFO: Pod pod-with-prestop-exec-hook still exists
May 26 21:07:41.162: INFO: Waiting for pod pod-with-prestop-exec-hook to disappear
May 26 21:07:41.173: INFO: Pod pod-with-prestop-exec-hook still exists
May 26 21:07:43.163: INFO: Waiting for pod pod-with-prestop-exec-hook to disappear
May 26 21:07:43.184: INFO: Pod pod-with-prestop-exec-hook still exists
May 26 21:07:45.163: INFO: Waiting for pod pod-with-prestop-exec-hook to disappear
May 26 21:07:45.174: INFO: Pod pod-with-prestop-exec-hook no longer exists
STEP: check prestop hook
[AfterEach] [k8s.io] Container Lifecycle Hook
  /workspace/anago-v1.18.3-beta.0.58+d6e40f410ca91c/src/k8s.io/kubernetes/_output/dockerized/go/src/k8s.io/kubernetes/test/e2e/framework/framework.go:179
May 26 21:07:45.248: INFO: Waiting up to 3m0s for all (but 0) nodes to be ready
STEP: Destroying namespace "container-lifecycle-hook-2034" for this suite.

• [SLOW TEST:26.879 seconds]
[k8s.io] Container Lifecycle Hook
/workspace/anago-v1.18.3-beta.0.58+d6e40f410ca91c/src/k8s.io/kubernetes/_output/dockerized/go/src/k8s.io/kubernetes/test/e2e/framework/framework.go:698
  when create a pod with lifecycle hook
  /workspace/anago-v1.18.3-beta.0.58+d6e40f410ca91c/src/k8s.io/kubernetes/_output/dockerized/go/src/k8s.io/kubernetes/test/e2e/common/lifecycle_hook.go:42
    should execute prestop exec hook properly [NodeConformance] [Conformance]
    /workspace/anago-v1.18.3-beta.0.58+d6e40f410ca91c/src/k8s.io/kubernetes/_output/dockerized/go/src/k8s.io/kubernetes/test/e2e/framework/framework.go:703
------------------------------
{"msg":"PASSED [k8s.io] Container Lifecycle Hook when create a pod with lifecycle hook should execute prestop exec hook properly [NodeConformance] [Conformance]","total":277,"completed":1,"skipped":17,"failed":0}
S
------------------------------
[sig-storage] Secrets 
  should be able to mount in a volume regardless of a different secret existing with same name in different namespace [NodeConformance] [Conformance]
  /workspace/anago-v1.18.3-beta.0.58+d6e40f410ca91c/src/k8s.io/kubernetes/_output/dockerized/go/src/k8s.io/kubernetes/test/e2e/framework/framework.go:703
[BeforeEach] [sig-storage] Secrets
  /workspace/anago-v1.18.3-beta.0.58+d6e40f410ca91c/src/k8s.io/kubernetes/_output/dockerized/go/src/k8s.io/kubernetes/test/e2e/framework/framework.go:178
STEP: Creating a kubernetes client
May 26 21:07:45.285: INFO: >>> kubeConfig: /tmp/kubeconfig-481803746
STEP: Building a namespace api object, basename secrets
STEP: Binding the e2e-test-privileged-psp PodSecurityPolicy to the default service account in secrets-4988
STEP: Waiting for a default service account to be provisioned in namespace
[It] should be able to mount in a volume regardless of a different secret existing with same name in different namespace [NodeConformance] [Conformance]
  /workspace/anago-v1.18.3-beta.0.58+d6e40f410ca91c/src/k8s.io/kubernetes/_output/dockerized/go/src/k8s.io/kubernetes/test/e2e/framework/framework.go:703
STEP: Binding the e2e-test-privileged-psp PodSecurityPolicy to the default service account in secret-namespace-2805
STEP: Creating secret with name secret-test-637ae793-92d6-407b-9dcf-0593c25fb8e0
STEP: Creating a pod to test consume secrets
May 26 21:07:45.826: INFO: Waiting up to 5m0s for pod "pod-secrets-074f2262-b165-4b76-972c-bcec4a591a58" in namespace "secrets-4988" to be "Succeeded or Failed"
May 26 21:07:45.837: INFO: Pod "pod-secrets-074f2262-b165-4b76-972c-bcec4a591a58": Phase="Pending", Reason="", readiness=false. Elapsed: 10.613046ms
May 26 21:07:47.848: INFO: Pod "pod-secrets-074f2262-b165-4b76-972c-bcec4a591a58": Phase="Running", Reason="", readiness=true. Elapsed: 2.022428476s
May 26 21:07:49.861: INFO: Pod "pod-secrets-074f2262-b165-4b76-972c-bcec4a591a58": Phase="Succeeded", Reason="", readiness=false. Elapsed: 4.034596023s
STEP: Saw pod success
May 26 21:07:49.861: INFO: Pod "pod-secrets-074f2262-b165-4b76-972c-bcec4a591a58" satisfied condition "Succeeded or Failed"
May 26 21:07:49.871: INFO: Trying to get logs from node 10.241.69.186 pod pod-secrets-074f2262-b165-4b76-972c-bcec4a591a58 container secret-volume-test: <nil>
STEP: delete the pod
May 26 21:07:50.003: INFO: Waiting for pod pod-secrets-074f2262-b165-4b76-972c-bcec4a591a58 to disappear
May 26 21:07:50.012: INFO: Pod pod-secrets-074f2262-b165-4b76-972c-bcec4a591a58 no longer exists
[AfterEach] [sig-storage] Secrets
  /workspace/anago-v1.18.3-beta.0.58+d6e40f410ca91c/src/k8s.io/kubernetes/_output/dockerized/go/src/k8s.io/kubernetes/test/e2e/framework/framework.go:179
May 26 21:07:50.012: INFO: Waiting up to 3m0s for all (but 0) nodes to be ready
STEP: Destroying namespace "secrets-4988" for this suite.
STEP: Destroying namespace "secret-namespace-2805" for this suite.
•{"msg":"PASSED [sig-storage] Secrets should be able to mount in a volume regardless of a different secret existing with same name in different namespace [NodeConformance] [Conformance]","total":277,"completed":2,"skipped":18,"failed":0}
SSSSSSSSSSSSSSSSSSSSSSSSSSSSSSSSSSSSSS
------------------------------
[sig-api-machinery] Watchers 
  should receive events on concurrent watches in same order [Conformance]
  /workspace/anago-v1.18.3-beta.0.58+d6e40f410ca91c/src/k8s.io/kubernetes/_output/dockerized/go/src/k8s.io/kubernetes/test/e2e/framework/framework.go:703
[BeforeEach] [sig-api-machinery] Watchers
  /workspace/anago-v1.18.3-beta.0.58+d6e40f410ca91c/src/k8s.io/kubernetes/_output/dockerized/go/src/k8s.io/kubernetes/test/e2e/framework/framework.go:178
STEP: Creating a kubernetes client
May 26 21:07:50.074: INFO: >>> kubeConfig: /tmp/kubeconfig-481803746
STEP: Building a namespace api object, basename watch
STEP: Binding the e2e-test-privileged-psp PodSecurityPolicy to the default service account in watch-6255
STEP: Waiting for a default service account to be provisioned in namespace
[It] should receive events on concurrent watches in same order [Conformance]
  /workspace/anago-v1.18.3-beta.0.58+d6e40f410ca91c/src/k8s.io/kubernetes/_output/dockerized/go/src/k8s.io/kubernetes/test/e2e/framework/framework.go:703
STEP: starting a background goroutine to produce watch events
STEP: creating watches starting from each resource version of the events produced and verifying they all receive resource versions in the same order
[AfterEach] [sig-api-machinery] Watchers
  /workspace/anago-v1.18.3-beta.0.58+d6e40f410ca91c/src/k8s.io/kubernetes/_output/dockerized/go/src/k8s.io/kubernetes/test/e2e/framework/framework.go:179
May 26 21:07:55.257: INFO: Waiting up to 3m0s for all (but 0) nodes to be ready
STEP: Destroying namespace "watch-6255" for this suite.

• [SLOW TEST:5.265 seconds]
[sig-api-machinery] Watchers
/workspace/anago-v1.18.3-beta.0.58+d6e40f410ca91c/src/k8s.io/kubernetes/_output/dockerized/go/src/k8s.io/kubernetes/test/e2e/apimachinery/framework.go:23
  should receive events on concurrent watches in same order [Conformance]
  /workspace/anago-v1.18.3-beta.0.58+d6e40f410ca91c/src/k8s.io/kubernetes/_output/dockerized/go/src/k8s.io/kubernetes/test/e2e/framework/framework.go:703
------------------------------
{"msg":"PASSED [sig-api-machinery] Watchers should receive events on concurrent watches in same order [Conformance]","total":277,"completed":3,"skipped":56,"failed":0}
SSS
------------------------------
[sig-api-machinery] CustomResourcePublishOpenAPI [Privileged:ClusterAdmin] 
  works for multiple CRDs of different groups [Conformance]
  /workspace/anago-v1.18.3-beta.0.58+d6e40f410ca91c/src/k8s.io/kubernetes/_output/dockerized/go/src/k8s.io/kubernetes/test/e2e/framework/framework.go:703
[BeforeEach] [sig-api-machinery] CustomResourcePublishOpenAPI [Privileged:ClusterAdmin]
  /workspace/anago-v1.18.3-beta.0.58+d6e40f410ca91c/src/k8s.io/kubernetes/_output/dockerized/go/src/k8s.io/kubernetes/test/e2e/framework/framework.go:178
STEP: Creating a kubernetes client
May 26 21:07:55.339: INFO: >>> kubeConfig: /tmp/kubeconfig-481803746
STEP: Building a namespace api object, basename crd-publish-openapi
STEP: Binding the e2e-test-privileged-psp PodSecurityPolicy to the default service account in crd-publish-openapi-9798
STEP: Waiting for a default service account to be provisioned in namespace
[It] works for multiple CRDs of different groups [Conformance]
  /workspace/anago-v1.18.3-beta.0.58+d6e40f410ca91c/src/k8s.io/kubernetes/_output/dockerized/go/src/k8s.io/kubernetes/test/e2e/framework/framework.go:703
STEP: CRs in different groups (two CRDs) show up in OpenAPI documentation
May 26 21:07:55.603: INFO: >>> kubeConfig: /tmp/kubeconfig-481803746
May 26 21:08:00.112: INFO: >>> kubeConfig: /tmp/kubeconfig-481803746
[AfterEach] [sig-api-machinery] CustomResourcePublishOpenAPI [Privileged:ClusterAdmin]
  /workspace/anago-v1.18.3-beta.0.58+d6e40f410ca91c/src/k8s.io/kubernetes/_output/dockerized/go/src/k8s.io/kubernetes/test/e2e/framework/framework.go:179
May 26 21:08:16.059: INFO: Waiting up to 3m0s for all (but 0) nodes to be ready
STEP: Destroying namespace "crd-publish-openapi-9798" for this suite.

• [SLOW TEST:20.756 seconds]
[sig-api-machinery] CustomResourcePublishOpenAPI [Privileged:ClusterAdmin]
/workspace/anago-v1.18.3-beta.0.58+d6e40f410ca91c/src/k8s.io/kubernetes/_output/dockerized/go/src/k8s.io/kubernetes/test/e2e/apimachinery/framework.go:23
  works for multiple CRDs of different groups [Conformance]
  /workspace/anago-v1.18.3-beta.0.58+d6e40f410ca91c/src/k8s.io/kubernetes/_output/dockerized/go/src/k8s.io/kubernetes/test/e2e/framework/framework.go:703
------------------------------
{"msg":"PASSED [sig-api-machinery] CustomResourcePublishOpenAPI [Privileged:ClusterAdmin] works for multiple CRDs of different groups [Conformance]","total":277,"completed":4,"skipped":59,"failed":0}
SSSSSSSSSSSSSSSSS
------------------------------
[sig-apps] StatefulSet [k8s.io] Basic StatefulSet functionality [StatefulSetBasic] 
  should have a working scale subresource [Conformance]
  /workspace/anago-v1.18.3-beta.0.58+d6e40f410ca91c/src/k8s.io/kubernetes/_output/dockerized/go/src/k8s.io/kubernetes/test/e2e/framework/framework.go:703
[BeforeEach] [sig-apps] StatefulSet
  /workspace/anago-v1.18.3-beta.0.58+d6e40f410ca91c/src/k8s.io/kubernetes/_output/dockerized/go/src/k8s.io/kubernetes/test/e2e/framework/framework.go:178
STEP: Creating a kubernetes client
May 26 21:08:16.096: INFO: >>> kubeConfig: /tmp/kubeconfig-481803746
STEP: Building a namespace api object, basename statefulset
STEP: Binding the e2e-test-privileged-psp PodSecurityPolicy to the default service account in statefulset-7026
STEP: Waiting for a default service account to be provisioned in namespace
[BeforeEach] [sig-apps] StatefulSet
  /workspace/anago-v1.18.3-beta.0.58+d6e40f410ca91c/src/k8s.io/kubernetes/_output/dockerized/go/src/k8s.io/kubernetes/test/e2e/apps/statefulset.go:84
[BeforeEach] [k8s.io] Basic StatefulSet functionality [StatefulSetBasic]
  /workspace/anago-v1.18.3-beta.0.58+d6e40f410ca91c/src/k8s.io/kubernetes/_output/dockerized/go/src/k8s.io/kubernetes/test/e2e/apps/statefulset.go:99
STEP: Creating service test in namespace statefulset-7026
[It] should have a working scale subresource [Conformance]
  /workspace/anago-v1.18.3-beta.0.58+d6e40f410ca91c/src/k8s.io/kubernetes/_output/dockerized/go/src/k8s.io/kubernetes/test/e2e/framework/framework.go:703
STEP: Creating statefulset ss in namespace statefulset-7026
May 26 21:08:16.366: INFO: Found 0 stateful pods, waiting for 1
May 26 21:08:26.383: INFO: Waiting for pod ss-0 to enter Running - Ready=true, currently Running - Ready=true
STEP: getting scale subresource
STEP: updating a scale subresource
STEP: verifying the statefulset Spec.Replicas was modified
[AfterEach] [k8s.io] Basic StatefulSet functionality [StatefulSetBasic]
  /workspace/anago-v1.18.3-beta.0.58+d6e40f410ca91c/src/k8s.io/kubernetes/_output/dockerized/go/src/k8s.io/kubernetes/test/e2e/apps/statefulset.go:110
May 26 21:08:26.458: INFO: Deleting all statefulset in ns statefulset-7026
May 26 21:08:26.470: INFO: Scaling statefulset ss to 0
May 26 21:08:36.539: INFO: Waiting for statefulset status.replicas updated to 0
May 26 21:08:36.552: INFO: Deleting statefulset ss
[AfterEach] [sig-apps] StatefulSet
  /workspace/anago-v1.18.3-beta.0.58+d6e40f410ca91c/src/k8s.io/kubernetes/_output/dockerized/go/src/k8s.io/kubernetes/test/e2e/framework/framework.go:179
May 26 21:08:36.606: INFO: Waiting up to 3m0s for all (but 0) nodes to be ready
STEP: Destroying namespace "statefulset-7026" for this suite.

• [SLOW TEST:20.543 seconds]
[sig-apps] StatefulSet
/workspace/anago-v1.18.3-beta.0.58+d6e40f410ca91c/src/k8s.io/kubernetes/_output/dockerized/go/src/k8s.io/kubernetes/test/e2e/apps/framework.go:23
  [k8s.io] Basic StatefulSet functionality [StatefulSetBasic]
  /workspace/anago-v1.18.3-beta.0.58+d6e40f410ca91c/src/k8s.io/kubernetes/_output/dockerized/go/src/k8s.io/kubernetes/test/e2e/framework/framework.go:698
    should have a working scale subresource [Conformance]
    /workspace/anago-v1.18.3-beta.0.58+d6e40f410ca91c/src/k8s.io/kubernetes/_output/dockerized/go/src/k8s.io/kubernetes/test/e2e/framework/framework.go:703
------------------------------
{"msg":"PASSED [sig-apps] StatefulSet [k8s.io] Basic StatefulSet functionality [StatefulSetBasic] should have a working scale subresource [Conformance]","total":277,"completed":5,"skipped":76,"failed":0}
SS
------------------------------
[sig-storage] ConfigMap 
  should be consumable from pods in volume with defaultMode set [LinuxOnly] [NodeConformance] [Conformance]
  /workspace/anago-v1.18.3-beta.0.58+d6e40f410ca91c/src/k8s.io/kubernetes/_output/dockerized/go/src/k8s.io/kubernetes/test/e2e/framework/framework.go:703
[BeforeEach] [sig-storage] ConfigMap
  /workspace/anago-v1.18.3-beta.0.58+d6e40f410ca91c/src/k8s.io/kubernetes/_output/dockerized/go/src/k8s.io/kubernetes/test/e2e/framework/framework.go:178
STEP: Creating a kubernetes client
May 26 21:08:36.639: INFO: >>> kubeConfig: /tmp/kubeconfig-481803746
STEP: Building a namespace api object, basename configmap
STEP: Binding the e2e-test-privileged-psp PodSecurityPolicy to the default service account in configmap-2377
STEP: Waiting for a default service account to be provisioned in namespace
[It] should be consumable from pods in volume with defaultMode set [LinuxOnly] [NodeConformance] [Conformance]
  /workspace/anago-v1.18.3-beta.0.58+d6e40f410ca91c/src/k8s.io/kubernetes/_output/dockerized/go/src/k8s.io/kubernetes/test/e2e/framework/framework.go:703
STEP: Creating configMap with name configmap-test-volume-5f71a22d-adbf-4306-a888-d86f3db66318
STEP: Creating a pod to test consume configMaps
May 26 21:08:36.909: INFO: Waiting up to 5m0s for pod "pod-configmaps-352511c0-6c60-4285-a8e4-132b62f2d7cf" in namespace "configmap-2377" to be "Succeeded or Failed"
May 26 21:08:36.922: INFO: Pod "pod-configmaps-352511c0-6c60-4285-a8e4-132b62f2d7cf": Phase="Pending", Reason="", readiness=false. Elapsed: 13.433575ms
May 26 21:08:38.936: INFO: Pod "pod-configmaps-352511c0-6c60-4285-a8e4-132b62f2d7cf": Phase="Pending", Reason="", readiness=false. Elapsed: 2.027412366s
May 26 21:08:40.954: INFO: Pod "pod-configmaps-352511c0-6c60-4285-a8e4-132b62f2d7cf": Phase="Succeeded", Reason="", readiness=false. Elapsed: 4.044577155s
STEP: Saw pod success
May 26 21:08:40.954: INFO: Pod "pod-configmaps-352511c0-6c60-4285-a8e4-132b62f2d7cf" satisfied condition "Succeeded or Failed"
May 26 21:08:40.968: INFO: Trying to get logs from node 10.241.69.135 pod pod-configmaps-352511c0-6c60-4285-a8e4-132b62f2d7cf container configmap-volume-test: <nil>
STEP: delete the pod
May 26 21:08:41.069: INFO: Waiting for pod pod-configmaps-352511c0-6c60-4285-a8e4-132b62f2d7cf to disappear
May 26 21:08:41.082: INFO: Pod pod-configmaps-352511c0-6c60-4285-a8e4-132b62f2d7cf no longer exists
[AfterEach] [sig-storage] ConfigMap
  /workspace/anago-v1.18.3-beta.0.58+d6e40f410ca91c/src/k8s.io/kubernetes/_output/dockerized/go/src/k8s.io/kubernetes/test/e2e/framework/framework.go:179
May 26 21:08:41.082: INFO: Waiting up to 3m0s for all (but 0) nodes to be ready
STEP: Destroying namespace "configmap-2377" for this suite.
•{"msg":"PASSED [sig-storage] ConfigMap should be consumable from pods in volume with defaultMode set [LinuxOnly] [NodeConformance] [Conformance]","total":277,"completed":6,"skipped":78,"failed":0}
SSSSSSSSSSSSSSSSSSSS
------------------------------
[sig-network] Service endpoints latency 
  should not be very high  [Conformance]
  /workspace/anago-v1.18.3-beta.0.58+d6e40f410ca91c/src/k8s.io/kubernetes/_output/dockerized/go/src/k8s.io/kubernetes/test/e2e/framework/framework.go:703
[BeforeEach] [sig-network] Service endpoints latency
  /workspace/anago-v1.18.3-beta.0.58+d6e40f410ca91c/src/k8s.io/kubernetes/_output/dockerized/go/src/k8s.io/kubernetes/test/e2e/framework/framework.go:178
STEP: Creating a kubernetes client
May 26 21:08:41.120: INFO: >>> kubeConfig: /tmp/kubeconfig-481803746
STEP: Building a namespace api object, basename svc-latency
STEP: Binding the e2e-test-privileged-psp PodSecurityPolicy to the default service account in svc-latency-4109
STEP: Waiting for a default service account to be provisioned in namespace
[It] should not be very high  [Conformance]
  /workspace/anago-v1.18.3-beta.0.58+d6e40f410ca91c/src/k8s.io/kubernetes/_output/dockerized/go/src/k8s.io/kubernetes/test/e2e/framework/framework.go:703
May 26 21:08:41.359: INFO: >>> kubeConfig: /tmp/kubeconfig-481803746
STEP: creating replication controller svc-latency-rc in namespace svc-latency-4109
I0526 21:08:41.389264      25 runners.go:190] Created replication controller with name: svc-latency-rc, namespace: svc-latency-4109, replica count: 1
I0526 21:08:42.439802      25 runners.go:190] svc-latency-rc Pods: 1 out of 1 created, 0 running, 1 pending, 0 waiting, 0 inactive, 0 terminating, 0 unknown, 0 runningButNotReady 
I0526 21:08:43.440180      25 runners.go:190] svc-latency-rc Pods: 1 out of 1 created, 1 running, 0 pending, 0 waiting, 0 inactive, 0 terminating, 0 unknown, 0 runningButNotReady 
May 26 21:08:43.576: INFO: Created: latency-svc-gqgnf
May 26 21:08:43.589: INFO: Got endpoints: latency-svc-gqgnf [49.314271ms]
May 26 21:08:43.621: INFO: Created: latency-svc-85ptc
May 26 21:08:43.635: INFO: Got endpoints: latency-svc-85ptc [45.295919ms]
May 26 21:08:43.641: INFO: Created: latency-svc-78ktp
May 26 21:08:43.657: INFO: Got endpoints: latency-svc-78ktp [67.07824ms]
May 26 21:08:43.662: INFO: Created: latency-svc-h79sj
May 26 21:08:43.677: INFO: Got endpoints: latency-svc-h79sj [86.894068ms]
May 26 21:08:43.682: INFO: Created: latency-svc-cnghz
May 26 21:08:43.696: INFO: Got endpoints: latency-svc-cnghz [105.044713ms]
May 26 21:08:43.703: INFO: Created: latency-svc-nk6l9
May 26 21:08:43.719: INFO: Got endpoints: latency-svc-nk6l9 [128.716271ms]
May 26 21:08:43.725: INFO: Created: latency-svc-tqwd2
May 26 21:08:43.740: INFO: Got endpoints: latency-svc-tqwd2 [149.156014ms]
May 26 21:08:43.747: INFO: Created: latency-svc-csgn2
May 26 21:08:43.762: INFO: Got endpoints: latency-svc-csgn2 [170.66188ms]
May 26 21:08:43.766: INFO: Created: latency-svc-z2mqs
May 26 21:08:43.782: INFO: Got endpoints: latency-svc-z2mqs [190.862808ms]
May 26 21:08:43.787: INFO: Created: latency-svc-crtgr
May 26 21:08:43.805: INFO: Got endpoints: latency-svc-crtgr [214.273151ms]
May 26 21:08:43.812: INFO: Created: latency-svc-7qhgt
May 26 21:08:43.826: INFO: Got endpoints: latency-svc-7qhgt [233.814477ms]
May 26 21:08:43.832: INFO: Created: latency-svc-hbx8m
May 26 21:08:43.847: INFO: Got endpoints: latency-svc-hbx8m [255.070051ms]
May 26 21:08:43.853: INFO: Created: latency-svc-f27bq
May 26 21:08:43.870: INFO: Got endpoints: latency-svc-f27bq [277.050537ms]
May 26 21:08:43.872: INFO: Created: latency-svc-5h75r
May 26 21:08:43.888: INFO: Got endpoints: latency-svc-5h75r [295.582925ms]
May 26 21:08:43.892: INFO: Created: latency-svc-glgsq
May 26 21:08:43.909: INFO: Got endpoints: latency-svc-glgsq [316.308066ms]
May 26 21:08:43.912: INFO: Created: latency-svc-zl78q
May 26 21:08:43.926: INFO: Got endpoints: latency-svc-zl78q [332.888185ms]
May 26 21:08:43.931: INFO: Created: latency-svc-hvh8w
May 26 21:08:43.944: INFO: Got endpoints: latency-svc-hvh8w [308.884132ms]
May 26 21:08:43.950: INFO: Created: latency-svc-5xqjt
May 26 21:08:43.968: INFO: Got endpoints: latency-svc-5xqjt [310.13585ms]
May 26 21:08:43.974: INFO: Created: latency-svc-tx2gq
May 26 21:08:43.989: INFO: Got endpoints: latency-svc-tx2gq [311.791112ms]
May 26 21:08:43.993: INFO: Created: latency-svc-j67b2
May 26 21:08:44.010: INFO: Got endpoints: latency-svc-j67b2 [314.122532ms]
May 26 21:08:44.015: INFO: Created: latency-svc-w82bh
May 26 21:08:44.031: INFO: Got endpoints: latency-svc-w82bh [310.624016ms]
May 26 21:08:44.038: INFO: Created: latency-svc-vnmvx
May 26 21:08:44.050: INFO: Got endpoints: latency-svc-vnmvx [310.413963ms]
May 26 21:08:44.056: INFO: Created: latency-svc-pchph
May 26 21:08:44.071: INFO: Got endpoints: latency-svc-pchph [309.343599ms]
May 26 21:08:44.076: INFO: Created: latency-svc-rbt7m
May 26 21:08:44.090: INFO: Got endpoints: latency-svc-rbt7m [307.290437ms]
May 26 21:08:44.100: INFO: Created: latency-svc-l42kj
May 26 21:08:44.112: INFO: Got endpoints: latency-svc-l42kj [306.340292ms]
May 26 21:08:44.119: INFO: Created: latency-svc-6qkvd
May 26 21:08:44.134: INFO: Got endpoints: latency-svc-6qkvd [308.005383ms]
May 26 21:08:44.140: INFO: Created: latency-svc-mwprv
May 26 21:08:44.154: INFO: Got endpoints: latency-svc-mwprv [306.771937ms]
May 26 21:08:44.161: INFO: Created: latency-svc-cb45p
May 26 21:08:44.178: INFO: Got endpoints: latency-svc-cb45p [308.678865ms]
May 26 21:08:44.183: INFO: Created: latency-svc-wc6n5
May 26 21:08:44.197: INFO: Got endpoints: latency-svc-wc6n5 [309.669828ms]
May 26 21:08:44.203: INFO: Created: latency-svc-zvwhg
May 26 21:08:44.219: INFO: Got endpoints: latency-svc-zvwhg [310.274896ms]
May 26 21:08:44.224: INFO: Created: latency-svc-65vfp
May 26 21:08:44.238: INFO: Got endpoints: latency-svc-65vfp [312.703121ms]
May 26 21:08:44.245: INFO: Created: latency-svc-k5gg5
May 26 21:08:44.264: INFO: Got endpoints: latency-svc-k5gg5 [319.149994ms]
May 26 21:08:44.268: INFO: Created: latency-svc-8965f
May 26 21:08:44.282: INFO: Got endpoints: latency-svc-8965f [314.289067ms]
May 26 21:08:44.288: INFO: Created: latency-svc-zhlgz
May 26 21:08:44.303: INFO: Got endpoints: latency-svc-zhlgz [314.592438ms]
May 26 21:08:44.308: INFO: Created: latency-svc-zxnx4
May 26 21:08:44.321: INFO: Got endpoints: latency-svc-zxnx4 [310.847538ms]
May 26 21:08:44.328: INFO: Created: latency-svc-2b4xk
May 26 21:08:44.341: INFO: Got endpoints: latency-svc-2b4xk [310.563489ms]
May 26 21:08:44.348: INFO: Created: latency-svc-7mx5z
May 26 21:08:44.363: INFO: Got endpoints: latency-svc-7mx5z [312.416317ms]
May 26 21:08:44.369: INFO: Created: latency-svc-ktrbp
May 26 21:08:44.384: INFO: Got endpoints: latency-svc-ktrbp [312.980491ms]
May 26 21:08:44.393: INFO: Created: latency-svc-x9v55
May 26 21:08:44.407: INFO: Got endpoints: latency-svc-x9v55 [317.738227ms]
May 26 21:08:44.412: INFO: Created: latency-svc-qb7hk
May 26 21:08:44.427: INFO: Got endpoints: latency-svc-qb7hk [314.380196ms]
May 26 21:08:44.435: INFO: Created: latency-svc-p9k56
May 26 21:08:44.448: INFO: Got endpoints: latency-svc-p9k56 [314.726339ms]
May 26 21:08:44.453: INFO: Created: latency-svc-8kqlb
May 26 21:08:44.468: INFO: Got endpoints: latency-svc-8kqlb [313.820291ms]
May 26 21:08:44.474: INFO: Created: latency-svc-wqs8m
May 26 21:08:44.488: INFO: Got endpoints: latency-svc-wqs8m [309.164139ms]
May 26 21:08:44.493: INFO: Created: latency-svc-mmsvh
May 26 21:08:44.506: INFO: Got endpoints: latency-svc-mmsvh [307.845625ms]
May 26 21:08:44.512: INFO: Created: latency-svc-4nmk9
May 26 21:08:44.528: INFO: Got endpoints: latency-svc-4nmk9 [308.922823ms]
May 26 21:08:44.530: INFO: Created: latency-svc-d7hnl
May 26 21:08:44.545: INFO: Got endpoints: latency-svc-d7hnl [307.127408ms]
May 26 21:08:44.551: INFO: Created: latency-svc-fkjsk
May 26 21:08:44.566: INFO: Got endpoints: latency-svc-fkjsk [302.356971ms]
May 26 21:08:44.568: INFO: Created: latency-svc-cnrc8
May 26 21:08:44.580: INFO: Got endpoints: latency-svc-cnrc8 [297.690283ms]
May 26 21:08:44.589: INFO: Created: latency-svc-hrk7r
May 26 21:08:44.601: INFO: Got endpoints: latency-svc-hrk7r [297.81554ms]
May 26 21:08:44.608: INFO: Created: latency-svc-ll765
May 26 21:08:44.621: INFO: Got endpoints: latency-svc-ll765 [299.844434ms]
May 26 21:08:44.625: INFO: Created: latency-svc-49c59
May 26 21:08:44.637: INFO: Got endpoints: latency-svc-49c59 [295.699507ms]
May 26 21:08:44.643: INFO: Created: latency-svc-csmt5
May 26 21:08:44.657: INFO: Got endpoints: latency-svc-csmt5 [293.427667ms]
May 26 21:08:44.662: INFO: Created: latency-svc-nxd6k
May 26 21:08:44.676: INFO: Got endpoints: latency-svc-nxd6k [292.09901ms]
May 26 21:08:44.680: INFO: Created: latency-svc-pjvjv
May 26 21:08:44.693: INFO: Got endpoints: latency-svc-pjvjv [285.187801ms]
May 26 21:08:44.698: INFO: Created: latency-svc-l6j8w
May 26 21:08:44.710: INFO: Got endpoints: latency-svc-l6j8w [283.347044ms]
May 26 21:08:44.716: INFO: Created: latency-svc-hhv2l
May 26 21:08:44.729: INFO: Got endpoints: latency-svc-hhv2l [280.39542ms]
May 26 21:08:44.734: INFO: Created: latency-svc-nhzvg
May 26 21:08:44.747: INFO: Got endpoints: latency-svc-nhzvg [278.834197ms]
May 26 21:08:44.751: INFO: Created: latency-svc-wr9ch
May 26 21:08:44.763: INFO: Got endpoints: latency-svc-wr9ch [275.16521ms]
May 26 21:08:44.770: INFO: Created: latency-svc-tpqk4
May 26 21:08:44.781: INFO: Got endpoints: latency-svc-tpqk4 [275.437222ms]
May 26 21:08:44.788: INFO: Created: latency-svc-pwsfc
May 26 21:08:44.802: INFO: Got endpoints: latency-svc-pwsfc [273.947713ms]
May 26 21:08:44.806: INFO: Created: latency-svc-vdz5x
May 26 21:08:44.818: INFO: Got endpoints: latency-svc-vdz5x [272.96352ms]
May 26 21:08:44.827: INFO: Created: latency-svc-jxcqk
May 26 21:08:44.839: INFO: Got endpoints: latency-svc-jxcqk [272.968136ms]
May 26 21:08:44.845: INFO: Created: latency-svc-t9h4b
May 26 21:08:44.857: INFO: Got endpoints: latency-svc-t9h4b [277.636221ms]
May 26 21:08:44.864: INFO: Created: latency-svc-4z4b6
May 26 21:08:44.875: INFO: Got endpoints: latency-svc-4z4b6 [274.098004ms]
May 26 21:08:44.882: INFO: Created: latency-svc-mtpf2
May 26 21:08:44.894: INFO: Got endpoints: latency-svc-mtpf2 [273.520282ms]
May 26 21:08:44.900: INFO: Created: latency-svc-zw9k5
May 26 21:08:44.914: INFO: Got endpoints: latency-svc-zw9k5 [276.943699ms]
May 26 21:08:44.918: INFO: Created: latency-svc-vgrtw
May 26 21:08:44.932: INFO: Got endpoints: latency-svc-vgrtw [275.352289ms]
May 26 21:08:44.936: INFO: Created: latency-svc-zvqj2
May 26 21:08:44.955: INFO: Got endpoints: latency-svc-zvqj2 [278.204992ms]
May 26 21:08:44.960: INFO: Created: latency-svc-5gr5s
May 26 21:08:44.973: INFO: Got endpoints: latency-svc-5gr5s [280.392901ms]
May 26 21:08:44.978: INFO: Created: latency-svc-8fgkn
May 26 21:08:44.989: INFO: Got endpoints: latency-svc-8fgkn [278.46015ms]
May 26 21:08:44.998: INFO: Created: latency-svc-xlpnj
May 26 21:08:45.009: INFO: Got endpoints: latency-svc-xlpnj [280.12104ms]
May 26 21:08:45.014: INFO: Created: latency-svc-vzrq5
May 26 21:08:45.026: INFO: Got endpoints: latency-svc-vzrq5 [279.423781ms]
May 26 21:08:45.034: INFO: Created: latency-svc-rn7qj
May 26 21:08:45.045: INFO: Got endpoints: latency-svc-rn7qj [282.026844ms]
May 26 21:08:45.064: INFO: Created: latency-svc-v4785
May 26 21:08:45.066: INFO: Got endpoints: latency-svc-v4785 [284.771986ms]
May 26 21:08:45.070: INFO: Created: latency-svc-h6gns
May 26 21:08:45.082: INFO: Got endpoints: latency-svc-h6gns [280.004083ms]
May 26 21:08:45.090: INFO: Created: latency-svc-l8p5t
May 26 21:08:45.102: INFO: Got endpoints: latency-svc-l8p5t [283.583747ms]
May 26 21:08:45.108: INFO: Created: latency-svc-4kxqq
May 26 21:08:45.119: INFO: Got endpoints: latency-svc-4kxqq [279.885052ms]
May 26 21:08:45.128: INFO: Created: latency-svc-cshph
May 26 21:08:45.140: INFO: Got endpoints: latency-svc-cshph [282.014875ms]
May 26 21:08:45.145: INFO: Created: latency-svc-lbrdl
May 26 21:08:45.158: INFO: Got endpoints: latency-svc-lbrdl [282.309327ms]
May 26 21:08:45.163: INFO: Created: latency-svc-lzxsr
May 26 21:08:45.176: INFO: Got endpoints: latency-svc-lzxsr [281.656764ms]
May 26 21:08:45.180: INFO: Created: latency-svc-hgslb
May 26 21:08:45.192: INFO: Got endpoints: latency-svc-hgslb [277.837696ms]
May 26 21:08:45.199: INFO: Created: latency-svc-m72hk
May 26 21:08:45.212: INFO: Got endpoints: latency-svc-m72hk [279.926444ms]
May 26 21:08:45.218: INFO: Created: latency-svc-6cdrn
May 26 21:08:45.230: INFO: Got endpoints: latency-svc-6cdrn [275.669231ms]
May 26 21:08:45.236: INFO: Created: latency-svc-954xp
May 26 21:08:45.250: INFO: Got endpoints: latency-svc-954xp [276.42634ms]
May 26 21:08:45.255: INFO: Created: latency-svc-x26rb
May 26 21:08:45.269: INFO: Got endpoints: latency-svc-x26rb [279.824632ms]
May 26 21:08:45.274: INFO: Created: latency-svc-vmslb
May 26 21:08:45.285: INFO: Got endpoints: latency-svc-vmslb [275.97719ms]
May 26 21:08:45.291: INFO: Created: latency-svc-7fct9
May 26 21:08:45.303: INFO: Got endpoints: latency-svc-7fct9 [276.558618ms]
May 26 21:08:45.311: INFO: Created: latency-svc-l96dr
May 26 21:08:45.325: INFO: Got endpoints: latency-svc-l96dr [279.392364ms]
May 26 21:08:45.329: INFO: Created: latency-svc-ms5zt
May 26 21:08:45.343: INFO: Got endpoints: latency-svc-ms5zt [276.689061ms]
May 26 21:08:45.347: INFO: Created: latency-svc-jqxgx
May 26 21:08:45.360: INFO: Got endpoints: latency-svc-jqxgx [278.157561ms]
May 26 21:08:45.367: INFO: Created: latency-svc-9s5nc
May 26 21:08:45.382: INFO: Got endpoints: latency-svc-9s5nc [279.223584ms]
May 26 21:08:45.387: INFO: Created: latency-svc-gl4z9
May 26 21:08:45.400: INFO: Got endpoints: latency-svc-gl4z9 [280.671559ms]
May 26 21:08:45.405: INFO: Created: latency-svc-xc9pg
May 26 21:08:45.419: INFO: Got endpoints: latency-svc-xc9pg [279.009048ms]
May 26 21:08:45.424: INFO: Created: latency-svc-6fvpg
May 26 21:08:45.439: INFO: Got endpoints: latency-svc-6fvpg [280.731965ms]
May 26 21:08:45.442: INFO: Created: latency-svc-xw52b
May 26 21:08:45.454: INFO: Got endpoints: latency-svc-xw52b [277.702487ms]
May 26 21:08:45.460: INFO: Created: latency-svc-d57wk
May 26 21:08:45.471: INFO: Got endpoints: latency-svc-d57wk [278.940143ms]
May 26 21:08:45.476: INFO: Created: latency-svc-psl4v
May 26 21:08:45.490: INFO: Got endpoints: latency-svc-psl4v [277.715973ms]
May 26 21:08:45.494: INFO: Created: latency-svc-bxjwf
May 26 21:08:45.507: INFO: Got endpoints: latency-svc-bxjwf [276.70999ms]
May 26 21:08:45.513: INFO: Created: latency-svc-hzq9g
May 26 21:08:45.525: INFO: Got endpoints: latency-svc-hzq9g [275.517412ms]
May 26 21:08:45.530: INFO: Created: latency-svc-qtrbm
May 26 21:08:45.541: INFO: Got endpoints: latency-svc-qtrbm [272.500085ms]
May 26 21:08:45.547: INFO: Created: latency-svc-jtrmd
May 26 21:08:45.566: INFO: Got endpoints: latency-svc-jtrmd [280.438574ms]
May 26 21:08:45.576: INFO: Created: latency-svc-2ffsk
May 26 21:08:45.587: INFO: Got endpoints: latency-svc-2ffsk [283.454278ms]
May 26 21:08:45.593: INFO: Created: latency-svc-grklt
May 26 21:08:45.605: INFO: Got endpoints: latency-svc-grklt [280.712544ms]
May 26 21:08:45.610: INFO: Created: latency-svc-cr467
May 26 21:08:45.623: INFO: Got endpoints: latency-svc-cr467 [280.550984ms]
May 26 21:08:45.630: INFO: Created: latency-svc-n4l4k
May 26 21:08:45.649: INFO: Created: latency-svc-cw9t6
May 26 21:08:45.651: INFO: Got endpoints: latency-svc-n4l4k [291.016839ms]
May 26 21:08:45.663: INFO: Got endpoints: latency-svc-cw9t6 [281.097891ms]
May 26 21:08:45.673: INFO: Created: latency-svc-qcnpr
May 26 21:08:45.685: INFO: Got endpoints: latency-svc-qcnpr [284.290865ms]
May 26 21:08:45.691: INFO: Created: latency-svc-ztdxj
May 26 21:08:45.704: INFO: Got endpoints: latency-svc-ztdxj [285.750639ms]
May 26 21:08:45.709: INFO: Created: latency-svc-scmf6
May 26 21:08:45.723: INFO: Got endpoints: latency-svc-scmf6 [284.100658ms]
May 26 21:08:45.726: INFO: Created: latency-svc-47975
May 26 21:08:45.739: INFO: Got endpoints: latency-svc-47975 [285.285201ms]
May 26 21:08:45.745: INFO: Created: latency-svc-fwk7g
May 26 21:08:45.758: INFO: Got endpoints: latency-svc-fwk7g [286.875091ms]
May 26 21:08:45.767: INFO: Created: latency-svc-48dcf
May 26 21:08:45.782: INFO: Got endpoints: latency-svc-48dcf [292.298712ms]
May 26 21:08:45.783: INFO: Created: latency-svc-8d56v
May 26 21:08:45.798: INFO: Got endpoints: latency-svc-8d56v [291.002347ms]
May 26 21:08:45.804: INFO: Created: latency-svc-l57fl
May 26 21:08:45.817: INFO: Got endpoints: latency-svc-l57fl [291.189341ms]
May 26 21:08:45.822: INFO: Created: latency-svc-9xclr
May 26 21:08:45.833: INFO: Got endpoints: latency-svc-9xclr [291.858281ms]
May 26 21:08:45.839: INFO: Created: latency-svc-nxz7m
May 26 21:08:45.855: INFO: Got endpoints: latency-svc-nxz7m [289.243393ms]
May 26 21:08:45.858: INFO: Created: latency-svc-r4lwv
May 26 21:08:45.871: INFO: Got endpoints: latency-svc-r4lwv [284.117291ms]
May 26 21:08:45.876: INFO: Created: latency-svc-whvjh
May 26 21:08:45.890: INFO: Got endpoints: latency-svc-whvjh [284.947448ms]
May 26 21:08:45.895: INFO: Created: latency-svc-7flck
May 26 21:08:45.907: INFO: Got endpoints: latency-svc-7flck [283.327831ms]
May 26 21:08:45.913: INFO: Created: latency-svc-28hz2
May 26 21:08:45.927: INFO: Got endpoints: latency-svc-28hz2 [275.061819ms]
May 26 21:08:45.931: INFO: Created: latency-svc-crgc6
May 26 21:08:45.942: INFO: Got endpoints: latency-svc-crgc6 [278.806207ms]
May 26 21:08:45.947: INFO: Created: latency-svc-h9qkc
May 26 21:08:45.961: INFO: Got endpoints: latency-svc-h9qkc [275.916476ms]
May 26 21:08:45.964: INFO: Created: latency-svc-q2pdd
May 26 21:08:45.976: INFO: Got endpoints: latency-svc-q2pdd [271.67734ms]
May 26 21:08:45.982: INFO: Created: latency-svc-nxrwm
May 26 21:08:45.995: INFO: Got endpoints: latency-svc-nxrwm [272.652563ms]
May 26 21:08:45.999: INFO: Created: latency-svc-m9wcc
May 26 21:08:46.011: INFO: Got endpoints: latency-svc-m9wcc [271.237013ms]
May 26 21:08:46.017: INFO: Created: latency-svc-l464q
May 26 21:08:46.031: INFO: Got endpoints: latency-svc-l464q [272.578544ms]
May 26 21:08:46.038: INFO: Created: latency-svc-mbxw7
May 26 21:08:46.051: INFO: Got endpoints: latency-svc-mbxw7 [268.595077ms]
May 26 21:08:46.060: INFO: Created: latency-svc-66fsp
May 26 21:08:46.068: INFO: Got endpoints: latency-svc-66fsp [269.482454ms]
May 26 21:08:46.072: INFO: Created: latency-svc-2w6pl
May 26 21:08:46.081: INFO: Got endpoints: latency-svc-2w6pl [264.540687ms]
May 26 21:08:46.090: INFO: Created: latency-svc-6grrr
May 26 21:08:46.101: INFO: Got endpoints: latency-svc-6grrr [268.339261ms]
May 26 21:08:46.107: INFO: Created: latency-svc-b7n9x
May 26 21:08:46.118: INFO: Got endpoints: latency-svc-b7n9x [262.540614ms]
May 26 21:08:46.130: INFO: Created: latency-svc-rr9tw
May 26 21:08:46.139: INFO: Got endpoints: latency-svc-rr9tw [267.356518ms]
May 26 21:08:46.143: INFO: Created: latency-svc-rbf4v
May 26 21:08:46.156: INFO: Got endpoints: latency-svc-rbf4v [265.174972ms]
May 26 21:08:46.161: INFO: Created: latency-svc-58dll
